
==============================================================================================================================
                                                                 Dependent variable:                                          
                       -------------------------------------------------------------------------------------------------------
                            INC05_won         INCSPOUSE05_won       INCOTHER05_won    INC05_voteshare_cond   INC05_won_cond   
                               (1)                  (2)                  (3)                  (4)                  (5)        
------------------------------------------------------------------------------------------------------------------------------
INT_treatment                 -0.014               -0.001              0.073**               -7.766               0.022       
                             (0.051)              (0.028)              (0.033)              (8.184)              (0.299)      
                                                                                                                              
RES05_gender                  -0.033               -0.033               -0.015               0.821                0.225       
                             (0.058)              (0.032)              (0.038)              (9.831)              (0.359)      
                                                                                                                              
X_anytr_genderres05           0.016                0.032                -0.043               -3.908              -0.260       
                             (0.077)              (0.043)              (0.050)              (13.041)             (0.476)      
                                                                                                                              
TEMP_index                    -0.026               -0.016               -0.012               -1.558              -0.162       
                             (0.035)              (0.019)              (0.023)              (5.401)              (0.197)      
                                                                                                                              
TEMP_X_res_index              0.086                0.008                0.006                1.899               0.994*       
                             (0.070)              (0.039)              (0.046)              (15.193)             (0.554)      
                                                                                                                              
TEMP_X_anytr_index            -0.023               0.009                0.059                5.540               -0.361       
                             (0.057)              (0.031)              (0.037)              (11.378)             (0.415)      
                                                                                                                              
TEMP_X_anytr_res_index        -0.040               0.011                -0.068              -12.808              -0.428       
                             (0.096)              (0.053)              (0.062)              (18.985)             (0.693)      
                                                                                                                              
GP_population                0.00001              -0.00000             -0.00001              0.002              -0.00004      
                            (0.00001)            (0.00001)            (0.00001)             (0.002)             (0.0001)      
                                                                                                                              
GP_lit                        0.358                -0.094               -0.175               15.772               1.156       
                             (0.307)              (0.170)              (0.200)              (47.196)             (1.722)      
                                                                                                                              
GP_sc                         -0.011               -0.154               -0.061               1.168               -0.295       
                             (0.199)              (0.110)              (0.130)              (22.143)             (0.808)      
                                                                                                                              
GP_st                         -0.153               -0.039               0.015               -27.547              -0.463       
                             (0.226)              (0.125)              (0.147)              (36.964)             (1.349)      
                                                                                                                              
GP_nbvillages                 0.010                0.003                0.011                -0.058               0.034       
                             (0.010)              (0.006)              (0.007)              (1.245)              (0.045)      
                                                                                                                              
RES00_gender                  -0.061               -0.019               -0.017               -6.414              -0.198       
                             (0.050)              (0.028)              (0.032)              (7.181)              (0.262)      
                                                                                                                              
RES00_obc                     -0.063               0.044               0.080**              -17.137              -0.513       
                             (0.055)              (0.030)              (0.036)              (11.596)             (0.423)      
                                                                                                                              
RES00_sc                      -0.060               0.036                -0.001               -5.125               0.042       
                             (0.050)              (0.028)              (0.032)              (6.823)              (0.249)      
                                                                                                                              
RES00_st                      -0.004               0.027                -0.005              18.023**              0.133       
                             (0.067)              (0.037)              (0.044)              (8.575)              (0.313)      
                                                                                                                              
RES10_obc                     0.076                -0.010               0.023                2.598               -0.068       
                             (0.059)              (0.033)              (0.039)              (6.906)              (0.252)      
                                                                                                                              
RES10_sc                      -0.093               0.051                0.031                8.842               -0.117       
                             (0.182)              (0.101)              (0.118)              (22.750)             (0.830)      
                                                                                                                              
RES10_st                      0.009                0.007                -0.009               6.242               -0.172       
                             (0.112)              (0.062)              (0.073)              (14.576)             (0.532)      
                                                                                                                              
RES05_obc                     0.0003               0.047                -0.009               -9.682              -0.426       
                             (0.062)              (0.034)              (0.041)              (7.941)              (0.290)      
                                                                                                                              
RES05_sc                      -0.053               -0.010               -0.038              -14.110               0.364       
                             (0.050)              (0.028)              (0.033)              (20.958)             (0.765)      
                                                                                                                              
RES05_st                      -0.030               0.006                0.017                -8.367              -0.126       
                             (0.086)              (0.047)              (0.056)              (10.893)             (0.397)      
                                                                                                                              
districtDHOLPUR               -0.080               -0.022               -0.018               -2.483              -0.212       
                             (0.050)              (0.028)              (0.032)              (8.835)              (0.322)      
                                                                                                                              
districtKARAULI               0.009                -0.007               -0.013               -1.815              -0.027       
                             (0.068)              (0.038)              (0.044)              (8.142)              (0.297)      
                                                                                                                              
Constant                      -0.140               0.100                0.121                10.970              -0.094       
                             (0.193)              (0.107)              (0.125)              (28.038)             (1.023)      
                                                                                                                              
------------------------------------------------------------------------------------------------------------------------------
Observations                   152                  152                  152                   43                  43         
R2                            0.124                0.093                0.157                0.590                0.413       
Adjusted R2                   -0.042               -0.079               -0.002               0.044               -0.370       
Residual Std. Error      0.215 (df = 127)     0.119 (df = 127)     0.140 (df = 127)     11.984 (df = 18)     0.437 (df = 18)  
F Statistic            0.748 (df = 24; 127) 0.541 (df = 24; 127) 0.985 (df = 24; 127) 1.081 (df = 24; 18)  0.527 (df = 24; 18)
==============================================================================================================================
Note:                                                                                              *p<0.1; **p<0.05; ***p<0.01
