
==============================================================================================================================================================================================================================================================================================================================================================================================================
                                                                                                                                                                                                        Dependent variable:                                                                                                                                                                                   
                      ----------------------------------------------------------------------------------------------------------------------------------------------------------------------------------------------------------------------------------------------------------------------------------------------------------------------------------------------------------------------------------------
                          INC05_running         INC05_voteshare          INC05_won      INCSPOUSE05_running INCSPOUSE05_voteshare   INCSPOUSE05_won   INCOTHER05_running   INCOTHER05_voteshare      INCOTHER05_won        INC05_running      INC05_voteshare        INC05_won      INCSPOUSE05_running INCSPOUSE05_voteshare   INCSPOUSE05_won   INCOTHER05_running  INCOTHER05_voteshare   INCOTHER05_won   
                               (1)                    (2)                   (3)                 (4)                  (5)                  (6)                 (7)                  (8)                    (9)                  (10)                (11)                (12)                (13)                 (14)                 (15)                (16)                 (17)                (18)        
--------------------------------------------------------------------------------------------------------------------------------------------------------------------------------------------------------------------------------------------------------------------------------------------------------------------------------------------------------------------------------------------------------------
INT_treatment_gender         -0.281**                -5.348                0.065              -0.003               -0.069                0.003               0.144                0.839                  0.005                0.246*               4.602               0.021              -0.211               -3.583                0.051              0.178*               4.786                0.051       
                             (0.135)                (3.373)               (0.074)             (0.073)              (1.612)              (0.036)             (0.092)              (1.327)                (0.042)               (0.140)             (3.125)             (0.075)             (0.162)              (4.435)              (0.055)             (0.091)             (3.226)              (0.050)      
                                                                                                                                                                                                                                                                                                                                                                                                              
INT_treatment_general        -0.227*                -7.422**              -0.065              0.122*                1.190               -0.003               0.096                2.139*                0.116***               0.050               0.561              -0.031             -0.348**              -8.715*              -0.018               0.068               -0.154              -0.014       
                             (0.122)                (3.101)               (0.067)             (0.066)              (1.483)              (0.033)             (0.083)              (1.220)                (0.038)               (0.143)             (3.228)             (0.076)             (0.165)              (4.582)              (0.056)             (0.093)             (3.332)              (0.051)      
                                                                                                                                                                                                                                                                                                                                                                                                              
TEMP_X_gender_index           0.105                  4.831                -0.070              -0.064               -0.614                0.016              -0.137                0.191                  0.027                -0.189              -4.614              -0.087              -0.032               -4.801                0.024               0.122               0.674               -0.037       
                             (0.160)                (3.968)               (0.088)             (0.086)              (1.897)              (0.043)             (0.109)              (1.561)                (0.049)               (0.167)             (3.725)             (0.089)             (0.193)              (5.287)              (0.065)             (0.108)             (3.845)              (0.059)      
                                                                                                                                                                                                                                                                                                                                                                                                              
TEMP_X_general_index         0.340**                8.176**                0.020              -0.022               -0.008                0.005               0.057                1.992                 0.113**               -0.090              -0.362              -0.023              -0.187               -6.627               -0.006              0.205*               1.162                0.016       
                             (0.141)                (3.555)               (0.077)             (0.076)              (1.699)              (0.038)             (0.096)              (1.398)                (0.043)               (0.176)             (4.063)             (0.094)             (0.204)              (5.767)              (0.069)             (0.115)             (4.194)              (0.063)      
                                                                                                                                                                                                                                                                                                                                                                                                              
TEMP_index                    -0.087                -3.189*               -0.047               0.022               -0.093               -0.012              -0.021                -0.447                 -0.021               -0.039              -0.186               0.039               0.049                4.238               -0.003              -0.007               1.104                0.019       
                             (0.070)                (1.744)               (0.038)             (0.038)              (0.834)              (0.019)             (0.048)              (0.686)                (0.022)               (0.122)             (2.734)             (0.065)             (0.142)              (3.880)              (0.048)             (0.080)             (2.822)              (0.044)      
                                                                                                                                                                                                                                                                                                                                                                                                              
GP_population                0.0001**               0.004***              0.00001            -0.00003              -0.0002              0.00000            -0.00004              -0.0005                -0.00000             -0.00000             -0.001             -0.00002            -0.00001              -0.002              -0.00001             0.00002              0.0004             -0.00000      
                            (0.00004)               (0.001)              (0.00002)           (0.00002)            (0.0004)             (0.00001)           (0.00002)             (0.0003)              (0.00001)             (0.00004)            (0.001)            (0.00002)           (0.0001)              (0.001)             (0.00002)           (0.00003)            (0.001)             (0.00002)     
                                                                                                                                                                                                                                                                                                                                                                                                              
GP_lit                        0.798                 38.070*                0.369              -0.351               -10.611              -0.073              -0.134                5.987                  -0.051               -0.175              15.021               0.328             -2.215**              -17.738              -0.142              -0.371              -24.759              -0.355       
                             (0.795)                (19.946)              (0.436)             (0.428)              (9.535)              (0.213)             (0.541)              (7.847)                (0.245)               (0.935)            (21.084)             (0.500)             (1.083)             (29.924)              (0.365)             (0.608)             (21.763)             (0.334)      
                                                                                                                                                                                                                                                                                                                                                                                                              
GP_sc                         -0.121                 -3.597               -0.066               0.027               -0.758               -0.097               0.480                3.824                  0.100                1.395**             22.936               0.141               0.871               -6.327               -0.390              -0.475               -8.477              -0.076       
                             (0.503)                (12.600)              (0.276)             (0.271)              (6.024)              (0.135)             (0.342)              (4.957)                (0.155)               (0.624)            (13.956)             (0.333)             (0.722)             (19.807)              (0.244)             (0.406)             (14.405)             (0.222)      
                                                                                                                                                                                                                                                                                                                                                                                                              
GP_st                         -0.446                -14.267               -0.203               0.125                1.528               -0.040              -0.079                -6.553                 0.089                -1.863*            -43.434**            -0.031               0.060               20.563                0.090              -0.473               -0.737               0.086       
                             (0.544)                (13.515)              (0.298)             (0.293)              (6.461)              (0.146)             (0.370)              (5.317)                (0.168)               (0.923)            (20.777)             (0.494)             (1.070)             (29.489)              (0.361)             (0.601)             (21.447)             (0.329)      
                                                                                                                                                                                                                                                                                                                                                                                                              
GP_nbvillages                 -0.008                 -0.907                0.020               0.022               -0.121               0.0002               0.007                0.252                  0.0002               -0.034              -0.671              -0.010              -0.051               -0.466                0.006               0.009              1.589**             0.031***      
                             (0.026)                (0.650)               (0.014)             (0.014)              (0.311)              (0.007)             (0.017)              (0.256)                (0.008)               (0.032)             (0.725)             (0.017)             (0.037)              (1.029)              (0.012)             (0.021)             (0.748)              (0.011)      
                                                                                                                                                                                                                                                                                                                                                                                                              
RES00_gender                  -0.039                 -3.932               -0.093               0.024                0.481               -0.019              -0.138*              -2.071*                 0.020                -0.236              -2.272              -0.004              -0.303               -7.690               -0.116              -0.018               -0.340               0.001       
                             (0.112)                (2.825)               (0.061)             (0.060)              (1.351)              (0.030)             (0.076)              (1.111)                (0.034)               (0.310)             (6.941)             (0.166)             (0.360)              (9.851)              (0.121)             (0.202)             (7.165)              (0.111)      
                                                                                                                                                                                                                                                                                                                                                                                                              
RES00_obc                     -0.205                 -4.422               -0.006              -0.051               -0.072                0.013             0.323***              7.500***               0.240***              -0.282*             -6.507*             -0.139*              0.165               7.974*               0.107*              -0.102               -3.416              -0.048       
                             (0.179)                (4.636)               (0.098)             (0.097)              (2.216)              (0.048)             (0.122)              (1.824)                (0.055)               (0.145)             (3.239)             (0.077)             (0.168)              (4.597)              (0.057)             (0.094)             (3.344)              (0.052)      
                                                                                                                                                                                                                                                                                                                                                                                                              
RES00_sc                      -0.139                 -4.623               -0.017               0.011                1.046                0.038               0.029                -1.154                 -0.009               -0.273*             -6.497*             -0.131               0.204                2.160                0.049               0.004               -1.157              -0.038       
                             (0.133)                (3.301)               (0.073)             (0.071)              (1.578)              (0.036)             (0.090)              (1.299)                (0.041)               (0.150)             (3.359)             (0.080)             (0.174)              (4.768)              (0.059)             (0.098)             (3.467)              (0.054)      
                                                                                                                                                                                                                                                                                                                                                                                                              
RES00_st                      0.066                  4.141                 0.016               0.072                0.828                0.020               0.004                1.086                  -0.005               -0.186               1.577              -0.123               0.126                5.649                0.080              -0.183               -4.657              -0.034       
                             (0.160)                (3.972)               (0.088)             (0.086)              (1.899)              (0.043)             (0.109)              (1.562)                (0.049)               (0.227)             (5.067)             (0.121)             (0.263)              (7.191)              (0.089)             (0.147)             (5.230)              (0.081)      
                                                                                                                                                                                                                                                                                                                                                                                                              
RES10_obc                     0.235*                8.006**                0.121               0.076                1.023               -0.001              -0.080                2.130                  0.060                 0.077              -2.921              -0.118               0.110                0.992                0.018               0.212               -0.873              -0.068       
                             (0.137)                (3.413)               (0.075)             (0.074)              (1.632)              (0.037)             (0.093)              (1.343)                (0.042)               (0.233)             (5.220)             (0.125)             (0.270)              (7.408)              (0.091)             (0.152)             (5.388)              (0.083)      
                                                                                                                                                                                                                                                                                                                                                                                                              
RES10_sc                      -0.185                 -0.433               -0.106             0.636***               7.518                0.033              -0.212                0.407                  -0.033                                                                                                                                                                                               
                             (0.383)                (9.553)               (0.210)             (0.206)              (4.567)              (0.103)             (0.260)              (3.758)                (0.118)                                                                                                                                                                                               
                                                                                                                                                                                                                                                                                                                                                                                                              
RES10_st                     0.718**                 7.884                -0.038               0.030                0.051                0.004              -0.272                1.521                  -0.009                0.478             14.857**             -0.084               0.111               -1.503                0.006               0.310               4.198               -0.022       
                             (0.332)                (8.245)               (0.182)             (0.179)              (3.942)              (0.089)             (0.226)              (3.244)                (0.102)               (0.324)             (7.261)             (0.173)             (0.375)             (10.305)              (0.127)             (0.211)             (7.495)              (0.115)      
                                                                                                                                                                                                                                                                                                                                                                                                              
RES05_obc                     0.015                  -1.947               -0.072              0.221**              3.847*               0.091*              -0.178                0.329                  0.016                 0.064               0.820               0.053              -0.204               -3.687               -0.004              0.202*               3.357               -0.007       
                             (0.171)                (4.361)               (0.094)             (0.092)              (2.085)              (0.046)             (0.117)              (1.716)                (0.053)               (0.163)             (3.646)             (0.087)             (0.189)              (5.175)              (0.064)             (0.106)             (3.764)              (0.058)      
                                                                                                                                                                                                                                                                                                                                                                                                              
RES05_sc                     -0.325**               -7.850**              -0.028               0.032                0.193                0.010              -0.135                -1.487                 -0.049               -0.109              -3.155              -0.057              -0.070               -6.616               -0.024               0.059               1.608                0.015       
                             (0.126)                (3.165)               (0.069)             (0.068)              (1.513)              (0.034)             (0.086)              (1.245)                (0.039)               (0.147)             (3.321)             (0.079)             (0.171)              (4.713)              (0.058)             (0.096)             (3.428)              (0.053)      
                                                                                                                                                                                                                                                                                                                                                                                                              
RES05_st                      0.067                  -0.785                0.010               0.006               -0.376                0.004              -0.037               4.402**                 -0.020                0.046              -0.703              -0.061               0.349                9.202                0.130               0.018               3.284                0.086       
                             (0.217)                (5.422)               (0.119)             (0.117)              (2.592)              (0.058)             (0.148)              (2.133)                (0.067)               (0.305)             (6.826)             (0.163)             (0.354)              (9.688)              (0.119)             (0.199)             (7.046)              (0.109)      
                                                                                                                                                                                                                                                                                                                                                                                                              
districtDHOLPUR              -0.253*                -6.234*               -0.097              -0.049               -0.811               -0.008               0.118                0.552                  -0.044               -0.078               0.100              -0.048               0.006                6.863               -0.030              -0.071               -3.553              -0.064       
                             (0.139)                (3.464)               (0.076)             (0.075)              (1.656)              (0.037)             (0.094)              (1.363)                (0.043)               (0.135)             (3.014)             (0.072)             (0.156)              (4.277)              (0.053)             (0.088)             (3.111)              (0.048)      
                                                                                                                                                                                                                                                                                                                                                                                                              
districtKARAULI               0.020                  1.077                 0.018              -0.059               -1.409                0.001               0.132                2.295                  -0.016                0.305               3.635              -0.031              -0.609*             -16.310*              -0.096               0.175               -0.226              -0.072       
                             (0.163)                (4.061)               (0.089)             (0.088)              (1.942)              (0.044)             (0.111)              (1.598)                (0.050)               (0.286)             (6.387)             (0.153)             (0.331)              (9.066)              (0.112)             (0.186)             (6.593)              (0.102)      
                                                                                                                                                                                                                                                                                                                                                                                                              
Constant                      -0.161                -19.312               -0.209               0.198                7.151                0.048               0.255                -2.006                 0.011                 0.304               2.127               0.128              1.788**              30.848                0.154               0.087               7.394                0.144       
                             (0.509)                (12.759)              (0.279)             (0.274)              (6.100)              (0.137)             (0.346)              (5.020)                (0.157)               (0.627)            (14.028)             (0.335)             (0.727)             (19.910)              (0.245)             (0.408)             (14.480)             (0.224)      
                                                                                                                                                                                                                                                                                                                                                                                                              
--------------------------------------------------------------------------------------------------------------------------------------------------------------------------------------------------------------------------------------------------------------------------------------------------------------------------------------------------------------------------------------------------------------
Observations                    92                     90                   92                  92                   90                   92                  92                    90                     92                   60                  59                  60                  60                   59                   60                  60                   59                  60         
R2                            0.435                  0.535                 0.241               0.267                0.160                0.128               0.319                0.415                  0.419                 0.391               0.417               0.251               0.366                0.313                0.213               0.425               0.340                0.344       
Adjusted R2                   0.255                  0.383                -0.001               0.033               -0.116               -0.149               0.101                0.223                  0.234                 0.055               0.086              -0.163               0.016               -0.077               -0.222               0.108               -0.035              -0.018       
Residual Std. Error      0.416 (df = 69)        10.342 (df = 67)      0.228 (df = 69)     0.224 (df = 69)      4.944 (df = 67)      0.112 (df = 69)     0.283 (df = 69)      4.069 (df = 67)        0.128 (df = 69)       0.365 (df = 38)     8.163 (df = 37)     0.195 (df = 38)     0.423 (df = 38)     11.585 (df = 37)      0.143 (df = 38)     0.238 (df = 38)     8.426 (df = 37)      0.130 (df = 38)  
F Statistic           2.414*** (df = 22; 69) 3.509*** (df = 22; 67) 0.994 (df = 22; 69) 1.140 (df = 22; 69)  0.580 (df = 22; 67)  0.462 (df = 22; 69) 1.466 (df = 22; 69) 2.161*** (df = 22; 67) 2.262*** (df = 22; 69) 1.164 (df = 21; 38) 1.261 (df = 21; 37) 0.606 (df = 21; 38) 1.045 (df = 21; 38)  0.802 (df = 21; 37)  0.489 (df = 21; 38) 1.339 (df = 21; 38) 0.906 (df = 21; 37)  0.949 (df = 21; 38)
==============================================================================================================================================================================================================================================================================================================================================================================================================
Note:                                                                                                                                                                                                                                                                                                                                                                              *p<0.1; **p<0.05; ***p<0.01
