
TA0a - Balance test (whole sample)
====================================================================================================================================================================================================================================================================================================================
                                                                                                                                                                Dependent variable:                                                                                                                                 
                               -------------------------------------------------------------------------------------------------------------------------------------------------------------------------------------------------------------------------------------------------------------------------------------
                               GP_nbvillages GP_population  GP_sc    GP_st    GP_lit  GP_cult  GP_aglb  CENSUS_VD2011_drnk_wat_f CENSUS_VD2011_app_pr CENSUS_VD2011_power_dom ELEC10_electorate_total RES00_gender RES00_obc RES00_sc RES00_st RES05_obc RES05_sc RES05_st RES10_obc RES10_sc RES10_st INC05_can_run
                                    (1)           (2)        (3)      (4)      (5)      (6)      (7)              (8)                    (9)                   (10)                    (11)               (12)       (13)      (14)     (15)     (16)      (17)     (18)     (19)      (20)     (21)       (22)     
--------------------------------------------------------------------------------------------------------------------------------------------------------------------------------------------------------------------------------------------------------------------------------------------------------------------
RES05_gender_control              -0.472*       -82.435     0.002    0.027    0.004    0.004   -0.010*          -0.036*                 0.031                 -0.041*                 103.341          -0.420***     0.060    -0.011   0.042     0.004    -0.029   0.026    -0.017   -0.093*   0.057       0.065    
                                  (0.276)      (250.884)   (0.016)  (0.025)  (0.009)  (0.008)  (0.005)          (0.021)                (0.040)                (0.022)                (128.083)          (0.056)     (0.048)  (0.054)  (0.040)   (0.041)  (0.056)  (0.040)   (0.048)  (0.056)  (0.042)     (0.063)   
                                                                                                                                                                                                                                                                                                                    
X_anytr_nogenderres05              0.186        215.517     0.018    0.020    0.010    -0.007   -0.001           0.019                  -0.037                 0.015                  100.676            0.083      -0.063   -0.093*  0.109***  -0.049    0.077    0.014     0.069    0.020    -0.005     -0.093    
                                  (0.287)      (261.117)   (0.016)  (0.026)  (0.009)  (0.008)  (0.006)          (0.022)                (0.042)                (0.023)                (133.307)          (0.059)     (0.050)  (0.056)  (0.042)   (0.043)  (0.059)  (0.042)   (0.050)  (0.058)  (0.043)     (0.066)   
                                                                                                                                                                                                                                                                                                                    
X_anytr_genderres05                0.028       -137.928     -0.022   -0.002   -0.010   -0.004   -0.003          -0.048*                 -0.017                -0.028                  82.772           -0.356***    0.122**   -0.028   0.067    -0.006    -0.056   -0.006   -0.094    -0.028   -0.011      0.100    
                                  (0.347)      (315.151)   (0.020)  (0.032)  (0.011)  (0.010)  (0.007)          (0.026)                (0.051)                (0.028)                (160.893)          (0.071)     (0.061)  (0.067)  (0.051)   (0.052)  (0.071)  (0.051)   (0.061)  (0.070)  (0.052)     (0.080)   
                                                                                                                                                                                                                                                                                                                    
Constant                         4.328***    5,631.483***  0.222*** 0.105*** 0.551*** 0.180*** 0.062***         0.931***               0.414***              0.930***              2,913.406***         0.444***   0.144***  0.228*** 0.067*** 0.117***  0.233*** 0.094*** 0.161***  0.250*** 0.100***   0.633***   
                                  (0.155)      (140.940)   (0.009)  (0.014)  (0.005)  (0.004)  (0.003)          (0.012)                (0.023)                (0.013)                (71.954)           (0.032)     (0.027)  (0.030)  (0.023)   (0.023)  (0.032)  (0.023)   (0.027)  (0.031)  (0.023)     (0.036)   
                                                                                                                                                                                                                                                                                                                    
--------------------------------------------------------------------------------------------------------------------------------------------------------------------------------------------------------------------------------------------------------------------------------------------------------------------
Observations                        382           382        382      382      382      382      382              382                    382                    382                     382               382         382      382      382       382      382      382       382      382      382         382     
R2                                 0.012         0.004      0.009    0.004    0.008    0.004    0.011            0.020                  0.005                  0.014                   0.003             0.186       0.023    0.008    0.019     0.004    0.009    0.001     0.015    0.009    0.006       0.016    
Adjusted R2                        0.004        -0.004      0.001    -0.004   0.0002   -0.004   0.003            0.013                  -0.003                 0.006                  -0.005             0.179       0.015   -0.0004   0.011    -0.004    0.002    -0.007    0.007    0.002    -0.002      0.008    
Residual Std. Error (df = 378)     2.080       1,890.908    0.117    0.191    0.064    0.059    0.040            0.159                  0.304                  0.169                  965.359            0.426       0.364    0.404    0.305     0.311    0.425    0.304     0.365    0.421    0.313       0.478    
F Statistic (df = 3; 378)          1.509         0.451      1.089    0.505    1.020    0.486    1.354           2.634**                 0.683                  1.828                   0.330           28.719***    2.977**   0.955    2.407*    0.511    1.199    0.177     1.926    1.205    0.801       2.067    
====================================================================================================================================================================================================================================================================================================================
Note:                                                                                                                                                                                                                                                                                    *p<0.1; **p<0.05; ***p<0.01
                                                                                                                                                                                                                                                                            Mean in Control in Women Unreserved 2005
                                                                                                                                                                                                                                                                                                   0.155893536121673
                                                                                                                                                                                                                                                                            S.D. in Control in Women Unreserved 2005
                                                                                                                                                                                                                                                                                                   0.363446001843147
