
TA1b - Balance test (survey Sample only)
=====================================================================================================================================================================================================================================================================================================================
                                                                                                                                                                Dependent variable:                                                                                                                                  
                               --------------------------------------------------------------------------------------------------------------------------------------------------------------------------------------------------------------------------------------------------------------------------------------
                               GP_nbvillages GP_population  GP_sc    GP_st    GP_lit  GP_cult   GP_aglb  CENSUS_VD2011_drnk_wat_f CENSUS_VD2011_app_pr CENSUS_VD2011_power_dom ELEC10_electorate_total RES00_gender RES00_obc RES00_sc RES00_st RES05_obc RES05_sc RES05_st RES10_obc RES10_sc RES10_st INC05_can_run
                                    (1)           (2)        (3)      (4)      (5)      (6)       (7)              (8)                    (9)                   (10)                    (11)               (12)       (13)      (14)     (15)     (16)      (17)     (18)     (19)      (20)     (21)       (22)     
---------------------------------------------------------------------------------------------------------------------------------------------------------------------------------------------------------------------------------------------------------------------------------------------------------------------
RES05_gender_control              -0.052       -241.155     0.002    0.014    0.011    0.004   -0.021***          -0.042                 -0.028                -0.019                  -46.651          -0.359***     0.052    -0.042   0.047     0.052    -0.059   0.047    -0.078    -0.081   0.047       0.084    
                                  (0.395)      (389.374)   (0.022)  (0.037)  (0.013)  (0.011)   (0.008)          (0.030)                (0.053)                (0.032)                (178.798)          (0.083)     (0.069)  (0.078)  (0.066)   (0.063)  (0.082)  (0.059)   (0.069)  (0.085)  (0.058)     (0.094)   
                                                                                                                                                                                                                                                                                                                     
X_anytr_nogenderres05             -0.065        -27.602     0.016    0.010    0.012    -0.002   -0.006            0.020                  -0.008                 0.019                  -91.570           0.141**     -0.051   -0.118*   0.091*   -0.065    0.094    0.024     0.073    0.005    0.010      -0.086    
                                  (0.323)      (317.834)   (0.018)  (0.030)  (0.011)  (0.009)   (0.006)          (0.025)                (0.043)                (0.026)                (145.947)          (0.068)     (0.057)  (0.064)  (0.054)   (0.051)  (0.067)  (0.048)   (0.057)  (0.069)  (0.047)     (0.077)   
                                                                                                                                                                                                                                                                                                                     
X_anytr_genderres05               -0.223       -381.047     -0.024   -0.012   -0.008   0.001    -0.008            -0.046                 0.013                 -0.023                 -109.473          -0.297***    0.134**   -0.053   0.049    -0.021    -0.039   0.005    -0.090    -0.043   0.005       0.107    
                                  (0.373)      (368.015)   (0.021)  (0.035)  (0.012)  (0.010)   (0.008)          (0.029)                (0.050)                (0.030)                (168.989)          (0.079)     (0.066)  (0.074)  (0.062)   (0.059)  (0.078)  (0.056)   (0.066)  (0.080)  (0.055)     (0.089)   
                                                                                                                                                                                                                                                                                                                     
Constant                         4.578***    5,874.602***  0.224*** 0.115*** 0.549*** 0.175*** 0.068***          0.929***               0.385***              0.926***              3,105.651***         0.386***   0.133***  0.253*** 0.084**  0.133***  0.217*** 0.084**  0.157***  0.265*** 0.084**    0.627***   
                                  (0.221)      (218.206)   (0.013)  (0.021)  (0.007)  (0.006)   (0.004)          (0.017)                (0.030)                (0.018)                (100.198)          (0.047)     (0.039)  (0.044)  (0.037)   (0.035)  (0.046)  (0.033)   (0.039)  (0.048)  (0.033)     (0.053)   
                                                                                                                                                                                                                                                                                                                     
---------------------------------------------------------------------------------------------------------------------------------------------------------------------------------------------------------------------------------------------------------------------------------------------------------------------
Observations                        240           240        240      240      240      240       240              240                    240                    240                     240               240         240      240      240       240      240      240       240      240      240         240     
R2                                 0.002         0.006      0.014    0.002    0.014    0.001     0.028            0.030                  0.002                  0.011                   0.002             0.177       0.034    0.014    0.012     0.015    0.019    0.003     0.032    0.005    0.003       0.024    
Adjusted R2                       -0.011        -0.007      0.002    -0.010   0.002    -0.012    0.016            0.018                  -0.011                -0.002                  -0.010             0.167       0.022    0.002   -0.0004    0.003    0.007    -0.009    0.020    -0.007   -0.010      0.011    
Residual Std. Error (df = 236)     2.017       1,987.949    0.115    0.190    0.066    0.056     0.041            0.155                  0.271                  0.162                  912.851            0.425       0.354    0.400    0.336     0.321    0.420    0.302     0.354    0.433    0.296       0.480    
F Statistic (df = 3; 236)          0.120         0.460      1.124    0.175    1.150    0.082    2.304*            2.429*                 0.162                  0.848                   0.194           16.951***    2.751**   1.141    0.967     1.208    1.547    0.251    2.598*    0.434    0.235       1.905    
=====================================================================================================================================================================================================================================================================================================================
Note:                                                                                                                                                                                                                                                                                     *p<0.1; **p<0.05; ***p<0.01
                                                                                                                                                                                                                                                                             Mean in Control in Women Unreserved 2005
                                                                                                                                                                                                                                                                                                    0.626506024096386
                                                                                                                                                                                                                                                                             S.D. in Control in Women Unreserved 2005
                                                                                                                                                                                                                                                                                                    0.486672208347571
