
TA1c - Balance test (survey Sample incumbent can run)
====================================================================================================================================================================================================================================================================================================================
                                                                                                                                                                Dependent variable:                                                                                                                                 
                               -------------------------------------------------------------------------------------------------------------------------------------------------------------------------------------------------------------------------------------------------------------------------------------
                               GP_nbvillages GP_population  GP_sc    GP_st    GP_lit  GP_cult  GP_aglb  CENSUS_VD2011_drnk_wat_f CENSUS_VD2011_app_pr CENSUS_VD2011_power_dom ELEC10_electorate_total RES00_gender RES00_obc RES00_sc RES00_st RES05_obc RES05_sc RES05_st RES10_obc RES10_sc RES10_st INC05_can_run
                                    (1)           (2)        (3)      (4)      (5)      (6)      (7)              (8)                    (9)                   (10)                    (11)               (12)       (13)      (14)     (15)     (16)      (17)     (18)     (19)      (20)     (21)       (22)     
--------------------------------------------------------------------------------------------------------------------------------------------------------------------------------------------------------------------------------------------------------------------------------------------------------------------
RES05_gender_control               0.088        291.275     -0.016   -0.018   0.020    -0.003  -0.018*          -0.064*                 -0.030                -0.042                  205.300          -0.308***    0.163*    -0.087   -0.004    0.031    -0.083   0.015    -0.080    -0.019   0.036       0.000    
                                  (0.459)      (381.316)   (0.027)  (0.037)  (0.017)  (0.013)  (0.010)          (0.035)                (0.065)                (0.035)                (178.139)          (0.092)     (0.087)  (0.104)  (0.084)   (0.077)  (0.102)  (0.062)   (0.080)  (0.027)  (0.053)     (0.000)   
                                                                                                                                                                                                                                                                                                                    
X_anytr_nogenderres05             -0.465        210.473     0.007    -0.017   0.017    -0.005   -0.002           0.022                  0.038                  0.043                  75.371            0.342***    -0.021   -0.171*   0.110    -0.104    0.069    -0.046    0.046    0.006    -0.013      0.000    
                                  (0.407)      (338.078)   (0.024)  (0.032)  (0.015)  (0.012)  (0.009)          (0.031)                (0.057)                (0.031)                (157.939)          (0.081)     (0.077)  (0.092)  (0.074)   (0.068)  (0.090)  (0.055)   (0.071)  (0.024)  (0.047)     (0.000)   
                                                                                                                                                                                                                                                                                                                    
X_anytr_genderres05               -0.070        58.059      -0.025   -0.017   0.006    -0.009   -0.008          -0.065**                0.033                 -0.056*                 51.505           -0.247***   0.237***   -0.134   0.006    -0.063    0.012    -0.066   -0.093    -0.019   0.052      0.000*    
                                  (0.430)      (357.771)   (0.026)  (0.034)  (0.016)  (0.012)  (0.009)          (0.033)                (0.061)                (0.033)                (167.139)          (0.086)     (0.081)  (0.097)  (0.079)   (0.072)  (0.095)  (0.058)   (0.075)  (0.026)  (0.050)     (0.000)   
                                                                                                                                                                                                                                                                                                                    
Constant                         4.615***    5,642.577***  0.233*** 0.101*** 0.538*** 0.177*** 0.070***         0.941***               0.382***              0.942***              2,990.404***         0.308***    0.096*   0.346*** 0.115**  0.154***  0.231*** 0.096*** 0.154***   0.019    0.038     1.000***   
                                  (0.268)      (222.922)   (0.016)  (0.021)  (0.010)  (0.008)  (0.006)          (0.020)                (0.038)                (0.021)                (104.142)          (0.054)     (0.051)  (0.061)  (0.049)   (0.045)  (0.059)  (0.036)   (0.047)  (0.016)  (0.031)     (0.000)   
                                                                                                                                                                                                                                                                                                                    
--------------------------------------------------------------------------------------------------------------------------------------------------------------------------------------------------------------------------------------------------------------------------------------------------------------------
Observations                        152           152        152      152      152      152      152              152                    152                    152                     152               152         152      152      152       152      152      152       152      152      152         152     
R2                                 0.012         0.005      0.012    0.003    0.013    0.004    0.023            0.062                  0.009                  0.061                   0.009             0.295       0.081    0.026    0.019     0.025    0.014    0.015     0.027    0.009    0.013       0.496    
Adjusted R2                       -0.008        -0.015      -0.008   -0.017   -0.007   -0.016   0.004            0.043                  -0.011                 0.042                  -0.011             0.280       0.062    0.006    -0.001    0.005    -0.006   -0.005    0.007    -0.011   -0.007      0.486    
Residual Std. Error (df = 148)     1.933       1,607.514    0.115    0.154    0.073    0.056    0.042            0.146                  0.272                  0.149                  750.979            0.386       0.366    0.437    0.353     0.323    0.428    0.261     0.338    0.115    0.225       0.000    
F Statistic (df = 3; 148)          0.604         0.257      0.606    0.142    0.640    0.192    1.181           3.252**                 0.429                 3.231**                  0.450           20.595***   4.332***   1.308    0.939     1.269    0.683    0.728     1.368    0.452    0.671     48.541***  
====================================================================================================================================================================================================================================================================================================================
Note:                                                                                                                                                                                                                                                                                    *p<0.1; **p<0.05; ***p<0.01
                                                                                                                                                                                                                                                                            Mean in Control in Women Unreserved 2005
                                                                                                                                                                                                                                                                                                                   1
                                                                                                                                                                                                                                                                            S.D. in Control in Women Unreserved 2005
                                                                                                                                                                                                                                                                                                                   0
