
TA1d - Balance test (2015 sample only)
===================================================================================================================================================================================================================================================================================================================
                                                                                                                                                               Dependent variable:                                                                                                                                 
                              -------------------------------------------------------------------------------------------------------------------------------------------------------------------------------------------------------------------------------------------------------------------------------------
                              GP_nbvillages GP_population  GP_sc    GP_st    GP_lit  GP_cult  GP_aglb  CENSUS_VD2011_drnk_wat_f CENSUS_VD2011_app_pr CENSUS_VD2011_power_dom ELEC10_electorate_total RES00_gender RES00_obc RES00_sc RES00_st RES05_obc RES05_sc RES05_st RES10_obc RES10_sc RES10_st INC05_can_run
                                   (1)           (2)        (3)      (4)      (5)      (6)      (7)              (8)                    (9)                   (10)                    (11)               (12)       (13)      (14)     (15)     (16)      (17)     (18)     (19)      (20)     (21)       (22)     
-------------------------------------------------------------------------------------------------------------------------------------------------------------------------------------------------------------------------------------------------------------------------------------------------------------------
RES05_gender_control             -0.391        22.004      0.018    0.053    0.019    -0.017   -0.006           -0.035                 0.091                 -0.015                  261.786          -0.395***     0.021    0.058    -0.034    0.021   -0.190*   0.147    -0.051    0.036    0.021      -0.041    
                                 (0.484)      (483.440)   (0.028)  (0.055)  (0.014)  (0.015)  (0.007)          (0.038)                (0.082)                (0.042)                (279.900)          (0.114)     (0.078)  (0.111)  (0.082)   (0.060)  (0.108)  (0.097)   (0.089)  (0.105)  (0.071)     (0.124)   
                                                                                                                                                                                                                                                                                                                   
X_anytr_nogenderres05             0.117        133.189     -0.012   0.039    0.020    -0.005   -0.009           -0.064                 -0.041                 0.020                  246.589            0.194       0.078    -0.117   0.089    -0.056    0.161    0.117     0.033    -0.128   0.078      -0.028    
                                 (0.578)      (577.262)   (0.033)  (0.065)  (0.016)  (0.017)  (0.009)          (0.046)                (0.098)                (0.050)                (334.221)          (0.137)     (0.093)  (0.132)  (0.098)   (0.072)  (0.129)  (0.116)   (0.106)  (0.125)  (0.084)     (0.148)   
                                                                                                                                                                                                                                                                                                                   
X_anytr_genderres05              -0.250       -588.861    -0.069*   0.060    -0.007   -0.014   -0.014         -0.143***               -0.0005                -0.037                  125.222            -0.139     0.194*    -0.083   -0.028    0.028    -0.222   0.167    -0.167    0.222    0.028      -0.111    
                                 (0.627)      (626.129)   (0.036)  (0.071)  (0.018)  (0.019)  (0.009)          (0.050)                (0.107)                (0.054)                (362.514)          (0.148)     (0.100)  (0.143)  (0.107)   (0.078)  (0.140)  (0.125)   (0.115)  (0.136)  (0.091)     (0.161)   
                                                                                                                                                                                                                                                                                                                   
Constant                        4.083***    5,326.611***  0.236*** 0.113*** 0.549*** 0.196*** 0.052***         0.961***               0.410***              0.940***              2,663.944***         0.472***     0.056   0.250*** 0.111**    0.056   0.306***  0.083   0.167***  0.194***  0.056     0.694***   
                                 (0.313)      (313.064)   (0.018)  (0.035)  (0.009)  (0.009)  (0.005)          (0.025)                (0.053)                (0.027)                (181.257)          (0.074)     (0.050)  (0.072)  (0.053)   (0.039)  (0.070)  (0.063)   (0.057)  (0.068)  (0.046)     (0.080)   
                                                                                                                                                                                                                                                                                                                   
-------------------------------------------------------------------------------------------------------------------------------------------------------------------------------------------------------------------------------------------------------------------------------------------------------------------
Observations                       89            89          89       89       89       89       89               89                     89                    89                      89                 89         89        89       89       89        89       89       89        89       89         89      
R2                                0.011         0.014      0.061    0.015    0.041    0.018    0.031            0.093                  0.023                  0.011                   0.012             0.190       0.046    0.022    0.018     0.014    0.098    0.037     0.032    0.056    0.010       0.006    
Adjusted R2                      -0.023        -0.021      0.028    -0.020   0.008    -0.017   -0.003           0.061                  -0.011                -0.024                  -0.022             0.161       0.012    -0.012   -0.017   -0.021    0.066    0.003    -0.003    0.023    -0.025     -0.029    
Residual Std. Error (df = 85)     1.880       1,878.386    0.109    0.212    0.053    0.057    0.028            0.149                  0.320                  0.163                 1,087.541           0.445       0.301    0.430    0.320     0.234    0.419    0.376     0.344    0.407    0.274       0.482    
F Statistic (df = 3; 85)          0.327         0.398      1.837    0.430    1.222    0.518    0.907           2.900**                 0.669                  0.326                   0.356            6.647***     1.364    0.644    0.514     0.410   3.070**   1.077     0.925    1.687    0.286       0.164    
===================================================================================================================================================================================================================================================================================================================
Note:                                                                                                                                                                                                                                                                                   *p<0.1; **p<0.05; ***p<0.01
                                                                                                                                                                                                                                                                           Mean in Control in Women Unreserved 2005
                                                                                                                                                                                                                                                                                                  0.694444444444444
                                                                                                                                                                                                                                                                           S.D. in Control in Women Unreserved 2005
                                                                                                                                                                                                                                                                                                  0.467176592151157
