
===========================================================================================================================
                                                              Dependent variable:                                          
                    -------------------------------------------------------------------------------------------------------
                         INC05_won         INCSPOUSE05_won       INCOTHER05_won    INC05_voteshare_cond   INC05_won_cond   
                            (1)                  (2)                  (3)                  (4)                  (5)        
---------------------------------------------------------------------------------------------------------------------------
INT_treatment              -0.011               -0.001              0.069**               -5.134               0.088       
                          (0.050)              (0.028)              (0.033)              (6.947)              (0.287)      
                                                                                                                           
RES05_gender               -0.041               -0.031               -0.011               -0.086               0.286       
                          (0.057)              (0.031)              (0.037)              (8.138)              (0.337)      
                                                                                                                           
X_anytr_genderres05        0.028                0.033                -0.046               -3.952              -0.385       
                          (0.075)              (0.041)              (0.049)              (11.519)             (0.476)      
                                                                                                                           
GP_population             0.00001              -0.00000             -0.00001              0.001               0.00001      
                         (0.00001)            (0.00001)            (0.00001)             (0.001)             (0.0001)      
                                                                                                                           
GP_lit                     0.288                -0.086               -0.160               3.821                0.176       
                          (0.300)              (0.165)              (0.196)              (37.210)             (1.539)      
                                                                                                                           
GP_sc                      0.030                -0.146               -0.083               -2.326               0.219       
                          (0.196)              (0.108)              (0.128)              (19.180)             (0.793)      
                                                                                                                           
GP_st                      -0.199               -0.043               0.022               -34.897               0.210       
                          (0.223)              (0.123)              (0.146)              (32.110)             (1.328)      
                                                                                                                           
GP_nbvillages              0.009                0.002                0.011*               -0.122               0.031       
                          (0.010)              (0.006)              (0.007)              (1.110)              (0.046)      
                                                                                                                           
RES00_gender               -0.053               -0.018               -0.018               -7.568              -0.100       
                          (0.049)              (0.027)              (0.032)              (5.946)              (0.246)      
                                                                                                                           
RES00_obc                  -0.072               0.041               0.079**              -18.695*             -0.408       
                          (0.053)              (0.029)              (0.035)              (10.334)             (0.427)      
                                                                                                                           
RES00_sc                   -0.065               0.031                -0.002               -3.603              -0.069       
                          (0.049)              (0.027)              (0.032)              (5.960)              (0.247)      
                                                                                                                           
RES00_st                   -0.012               0.023                0.001               17.494**              0.001       
                          (0.066)              (0.036)              (0.043)              (7.799)              (0.323)      
                                                                                                                           
RES10_obc                  0.077                -0.014               0.019                0.876                0.079       
                          (0.058)              (0.032)              (0.038)              (5.006)              (0.207)      
                                                                                                                           
RES10_sc                   -0.098               0.058                0.056                17.702              -0.204       
                          (0.179)              (0.098)              (0.117)              (16.928)             (0.700)      
                                                                                                                           
RES10_st                   0.002                0.009                -0.003               9.412               -0.226       
                          (0.109)              (0.060)              (0.071)              (13.014)             (0.538)      
                                                                                                                           
RES05_obc                  0.009                0.049                -0.011              -10.704              -0.113       
                          (0.062)              (0.034)              (0.040)              (6.636)              (0.275)      
                                                                                                                           
RES05_sc                   -0.051               -0.011               -0.038              -10.753              -0.324       
                          (0.050)              (0.027)              (0.032)              (16.231)             (0.671)      
                                                                                                                           
RES05_st                   -0.027               0.002                0.009                -6.854              -0.274       
                          (0.085)              (0.047)              (0.055)              (9.775)              (0.404)      
                                                                                                                           
districtDHOLPUR           -0.083*               -0.021               -0.018               -0.921              -0.313       
                          (0.049)              (0.027)              (0.032)              (6.808)              (0.282)      
                                                                                                                           
districtKARAULI            0.032                -0.004               -0.021               -0.361              -0.030       
                          (0.066)              (0.036)              (0.043)              (7.291)              (0.302)      
                                                                                                                           
Constant                   -0.116               0.090                0.137                24.037              -0.091       
                          (0.187)              (0.103)              (0.122)              (22.543)             (0.932)      
                                                                                                                           
---------------------------------------------------------------------------------------------------------------------------
Observations                152                  152                  152                   43                  43         
R2                         0.105                0.085                0.136                0.568                0.204       
Adjusted R2                -0.031               -0.054               0.004                0.176               -0.519       
Residual Std. Error   0.214 (df = 131)     0.117 (df = 131)     0.139 (df = 131)     11.130 (df = 22)     0.460 (df = 22)  
F Statistic         0.772 (df = 20; 131) 0.610 (df = 20; 131) 1.033 (df = 20; 131) 1.448 (df = 20; 22)  0.283 (df = 20; 22)
===========================================================================================================================
Note:                                                                                           *p<0.1; **p<0.05; ***p<0.01
